Original Matrix A:
[[ 0.19681548 -0.06553543  0.02377097]
 [ 0.39442431  0.29207341 -0.04154875]
 [ 0.37640306  0.51248583  0.11111111]]

Determinant of A: 0.01666666666666667

Inverse of Matrix A (A_inv):
[[ 3.22474487  1.16784008 -0.25319726]
 [-3.56784008  0.77525513  1.05319726]
 [ 5.53197265 -7.53197265  5.        ]]

Verification (A @ A_inv, should be close to Identity Matrix):
[[ 1.00000000e+00 -1.76304601e-16 -2.45823134e-17]
 [-1.71222425e-16  1.00000000e+00 -1.86084462e-17]
 [-3.42515970e-16 -2.88674857e-18  1.00000000e+00]]

Inverse of Matrix A (as list of lists):
    [3.2247448713915876, 1.1678400846904065, -0.2531972647421817],
    [-3.5678400846904053, 0.7752551286084103, 1.0531972647421817],
    [5.5319726474218101, -7.5319726474218092, 4.9999999999999991],
